0.000000 0.000000
0.897805 0.897805
-0.790776 -0.790776
-0.201299 -0.201299
0.968077 0.968077
-0.651372 -0.651372
-0.394356 -0.394356
0.998717 0.998717
-0.485302 -0.485302
-0.571268 -0.571268
0.988468 0.988468
-0.299363 -0.299363
-0.724793 -0.724793
0.937752 0.937752
-0.101168 -0.101168
-0.848644 -0.848644
0.848644 0.848644
0.101168 0.101168
-0.937752 -0.937752
0.724793 0.724793
0.299363 0.299363
-0.988468 -0.988468
0.571268 0.571268
0.485302 0.485302
-0.998717 -0.998717
0.394356 0.394356
0.651372 0.651372
-0.968077 -0.968077
0.201299 0.201299
0.790776 0.790776
-0.897805 -0.897805
-0.000000 -0.000000
