-0.000000 -0.000000
0.495207 0.495207
-1.579487 -1.579487
-1.343835 -1.343835
-0.481508 -0.481508
-2.348661 -2.348661
-2.269860 -2.269860
-0.978220 -0.978220
-2.482735 -2.482735
-2.507422 -2.507422
-0.807141 -0.807141
-1.880915 -1.880915
-2.027538 -2.027538
-0.032852 -0.032852
-0.699895 -0.699895
-1.050981 -1.050981
1.050981 1.050981
0.699895 0.699895
0.032852 0.032852
2.027538 2.027538
1.880915 1.880915
0.807141 0.807141
2.507422 2.507422
2.482735 2.482735
0.978220 0.978220
2.269860 2.269860
2.348661 2.348661
0.481508 0.481508
1.343835 1.343835
1.579487 1.579487
-0.495207 -0.495207
-0.000000 -0.000000
