0.000000 0.000000
-34.296956 28.146784
1.810550 -1.209771
1.240036 -0.662813
1.130118 -0.468110
1.180879 -0.358216
1.360360 -0.270592
1.719639 -0.169370
2.449649 -0.000000
4.354706 0.428901
18.282426 3.636601
-8.990546 -2.727252
-3.775213 -1.563744
-2.474675 -1.322741
-1.897643 -1.267964
-1.584064 -1.300007
-1.400971 -1.400971
-1.300007 -1.584064
-1.267964 -1.897643
-1.322741 -2.474675
-1.563744 -3.775213
-2.727252 -8.990546
3.636601 18.282426
0.428901 4.354706
-0.000000 2.449649
-0.169370 1.719639
-0.270592 1.360360
-0.358216 1.180879
-0.468110 1.130118
-0.662813 1.240036
-1.209771 1.810550
28.146784 -34.296956
