0.000000 0.000000
0.067692 -0.055553
0.150965 -0.100872
0.255570 -0.136605
0.391200 -0.162040
0.575075 -0.174447
0.840560 -0.167198
1.261404 -0.124237
2.038639 -0.000000
3.981819 0.392175
17.941578 3.568802
-9.303560 -2.822204
-4.063347 -1.683093
-2.740002 -1.464562
-2.141577 -1.430956
-1.807497 -1.483375
-1.604352 -1.604352
-1.483375 -1.807497
-1.430956 -2.141577
-1.464562 -2.740002
-1.683093 -4.063347
-2.822204 -9.303560
3.568802 17.941578
0.392175 3.981819
-0.000000 2.038639
-0.124237 1.261404
-0.167198 0.840560
-0.174447 0.575075
-0.162040 0.391200
-0.136605 0.255570
-0.100872 0.150965
-0.055553 0.067692
