1.764052 0.400157
0.978738 2.240893
1.867558 -0.977278
0.950088 -0.151357
-0.103219 0.410599
0.144044 1.454274
0.761038 0.121675
0.443863 0.333674
1.494079 -0.205158
0.313068 -0.854096
-2.552990 0.653619
0.864436 -0.742165
2.269755 -1.454366
0.045759 -0.187184
1.532779 1.469359
0.154947 0.378163
-0.887786 -1.980796
-0.347912 0.156349
1.230291 1.202380
-0.387327 -0.302303
-1.048553 -1.420018
-1.706270 1.950775
-0.509652 -0.438074
-1.252795 0.777490
-1.613898 -0.212740
-0.895467 0.386902
-0.510805 -1.180632
-0.028182 0.428332
0.066517 0.302472
-0.634322 -0.362741
-0.672460 -0.359553
-0.813146 -1.726283
0.177426 -0.401781
-1.630198 0.462782
-0.907298 0.051945
0.729091 0.128983
1.139401 -1.234826
0.402342 -0.684810
-0.870797 -0.578850
-0.311553 0.056165
-1.165150 0.900826
0.465662 -1.536244
1.488252 1.895889
1.178780 -0.179925
-1.070753 1.054452
-0.403177 1.222445
0.208275 0.976639
0.356366 0.706573
0.010500 1.785870
0.126912 0.401989
1.883151 -1.347759
-1.270485 0.969397
-1.173123 1.943621
-0.413619 -0.747455
1.922942 1.480515
1.867559 0.906045
-0.861226 1.910065
-0.268003 0.802456
0.947252 -0.155010
0.614079 0.922207
0.376426 -1.099401
0.298238 1.326386
-0.694568 -0.149635
-0.435154 1.849264
0.672295 0.407462
-0.769916 0.539249
-0.674333 0.031831
-0.635846 0.676433
0.576591 -0.208299
0.396007 -1.093062
-1.491258 0.439392
0.166673 0.635031
2.383145 0.944479
-0.912822 1.117016
-1.315907 -0.461585
-0.068242 1.713343
-0.744755 -0.826439
-0.098453 -0.663478
1.126636 -1.079932
-1.147469 -0.437820
-0.498032 1.929532
0.949421 0.087551
-1.225436 0.844363
-1.000215 -1.544771
1.188030 0.316943
0.920859 0.318728
0.856831 -0.651026
-1.034243 0.681595
-0.803410 -0.689550
-0.455533 0.017479
-0.353994 -1.374951
-0.643618 -2.223403
0.625231 -1.602058
-1.104383 0.052165
-0.739563 1.543015
-1.292857 0.267051
-0.039283 -1.168093
0.523277 -0.171546
0.771791 0.823504
2.163236 1.336528
-0.369182 -0.239379
1.099660 0.655264
0.640132 -1.616956
-0.024326 -0.738031
0.279925 -0.098150
0.910179 0.317218
0.786328 -0.466419
-0.944446 -0.410050
-0.017020 0.379152
2.259309 -0.042257
-0.955945 -0.345982
-0.463596 0.481481
-1.540797 0.063262
0.156507 0.232181
-0.597316 -0.237922
-1.424061 -0.493320
-0.542861 0.416050
-1.156182 0.781198
1.494485 -2.069985
0.426259 0.676908
-0.637437 -0.397272
-0.132881 -0.297791
-0.309013 -1.676004
1.152332 1.079619
-0.813364 -1.466424
0.521065 -0.575788
0.141953 -0.319328
0.691539 0.694749
-0.725597 -1.383364
-1.582938 0.610379
-1.188859 -0.506816
-0.596314 -0.052567
-1.936280 0.188779
0.523891 0.088422
-0.310886 0.097400
0.399046 -2.772593
1.955912 0.390093
-0.652409 -0.390953
0.493742 -0.116104
-2.030684 2.064493
-0.110541 1.020173
-0.692050 1.536377
0.286344 0.608844
-1.045253 1.211145
0.689818 1.301846
-0.628088 -0.481027
2.303917 -1.060016
-0.135950 1.136891
0.097725 0.582954
-0.399449 0.370056
-1.306527 1.658131
-0.118164 -0.680178
0.666383 -0.460720
-1.334258 -1.346718
0.693773 -0.159573
-0.133702 1.077744
-1.126826 -0.730678
-0.384880 0.094352
-0.042171 -0.286887
-0.061626 -0.107305
-0.719604 -0.812993
0.274516 -0.890915
-1.157355 -0.312292
-0.157667 2.256723
-0.704700 0.943261
0.747188 -1.188945
0.773253 -1.183881
-2.659172 0.606320
-1.755891 0.450934
-0.684011 1.659551
1.068509 -0.453386
-0.687838 -1.214077
-0.440923 -0.280355
-0.364694 0.156704
0.578521 0.349654
-0.764144 -1.437791
1.364532 -0.689449
-0.652294 -0.521189
-1.843070 -0.477974
-0.479656 0.620358
0.698457 0.003771
0.931848 0.339965
-0.015682 0.160928
-0.190653 -0.394850
-0.267734 -1.128011
0.280442 -0.993124
0.841631 -0.249459
0.049495 0.493837
0.643314 -1.570623
-0.206904 0.880179
-1.698106 0.387280
-2.255564 -1.022507
0.038631 -1.656715
-0.985511 -1.471835
1.648135 0.164228
0.567290 -0.222675
-0.353432 -1.616474
-0.291837 -0.761492
0.857924 1.141102
1.466579 0.852552
