0.000000 0.000000
1.927051 1.927051
2.489898 2.489898
1.427051 1.427051
-0.224514 -0.224514
-1.000000 -1.000000
-0.224514 -0.224514
1.427051 1.427051
2.489898 2.489898
1.927051 1.927051
0.000000 0.000000
-1.927051 -1.927051
-2.489898 -2.489898
-1.427051 -1.427051
0.224514 0.224514
1.000000 1.000000
0.224514 0.224514
-1.427051 -1.427051
-2.489898 -2.489898
-1.927051 -1.927051
-0.000000 -0.000000
1.927051 1.927051
2.489898 2.489898
1.427051 1.427051
-0.224514 -0.224514
-1.000000 -1.000000
-0.224514 -0.224514
1.427051 1.427051
2.489898 2.489898
1.927051 1.927051
0.000000 0.000000
-1.927051 -1.927051
-2.489898 -2.489898
-1.427051 -1.427051
0.224514 0.224514
1.000000 1.000000
0.224514 0.224514
-1.427051 -1.427051
-2.489898 -2.489898
-1.927051 -1.927051
-0.000000 -0.000000
1.927051 1.927051
2.489898 2.489898
1.427051 1.427051
-0.224514 -0.224514
-1.000000 -1.000000
-0.224514 -0.224514
1.427051 1.427051
2.489898 2.489898
1.927051 1.927051
-0.000000 -0.000000
-1.927051 -1.927051
-2.489898 -2.489898
-1.427051 -1.427051
0.224514 0.224514
1.000000 1.000000
0.224514 0.224514
-1.427051 -1.427051
-2.489898 -2.489898
-1.927051 -1.927051
-0.000000 -0.000000
1.927051 1.927051
2.489898 2.489898
1.427051 1.427051
-0.224514 -0.224514
-1.000000 -1.000000
-0.224514 -0.224514
1.427051 1.427051
2.489898 2.489898
1.927051 1.927051
-0.000000 -0.000000
-1.927051 -1.927051
-2.489898 -2.489898
-1.427051 -1.427051
0.224514 0.224514
1.000000 1.000000
0.224514 0.224514
-1.427051 -1.427051
-2.489898 -2.489898
-1.927051 -1.927051
-0.000000 -0.000000
1.927051 1.927051
2.489898 2.489898
1.427051 1.427051
-0.224514 -0.224514
-1.000000 -1.000000
-0.224514 -0.224514
1.427051 1.427051
2.489898 2.489898
1.927051 1.927051
0.000000 0.000000
-1.927051 -1.927051
-2.489898 -2.489898
-1.427051 -1.427051
0.224514 0.224514
1.000000 1.000000
0.224514 0.224514
-1.427051 -1.427051
-2.489898 -2.489898
-1.927051 -1.927051
0.000000 0.000000
1.927051 1.927051
2.489898 2.489898
1.427051 1.427051
-0.224514 -0.224514
-1.000000 -1.000000
-0.224514 -0.224514
1.427051 1.427051
2.489898 2.489898
1.927051 1.927051
-0.000000 -0.000000
-1.927051 -1.927051
-2.489898 -2.489898
-1.427051 -1.427051
0.224514 0.224514
1.000000 1.000000
0.224514 0.224514
-1.427051 -1.427051
-2.489898 -2.489898
-1.927051 -1.927051
-0.000000 -0.000000
1.927051 1.927051
2.489898 2.489898
1.427051 1.427051
-0.224514 -0.224514
-1.000000 -1.000000
-0.224514 -0.224514
1.427051 1.427051
2.489898 2.489898
1.927051 1.927051
0.000000 0.000000
-1.927051 -1.927051
-2.489898 -2.489898
-1.427051 -1.427051
0.224514 0.224514
1.000000 1.000000
0.224514 0.224514
-1.427051 -1.427051
-2.489898 -2.489898
-1.927051 -1.927051
0.000000 0.000000
1.927051 1.927051
2.489898 2.489898
1.427051 1.427051
-0.224514 -0.224514
-1.000000 -1.000000
-0.224514 -0.224514
1.427051 1.427051
2.489898 2.489898
1.927051 1.927051
0.000000 0.000000
-1.927051 -1.927051
-2.489898 -2.489898
-1.427051 -1.427051
0.224514 0.224514
1.000000 1.000000
0.224514 0.224514
-1.427051 -1.427051
-2.489898 -2.489898
-1.927051 -1.927051
-0.000000 -0.000000
1.927051 1.927051
2.489898 2.489898
1.427051 1.427051
-0.224514 -0.224514
-1.000000 -1.000000
-0.224514 -0.224514
1.427051 1.427051
2.489898 2.489898
1.927051 1.927051
0.000000 0.000000
-1.927051 -1.927051
-2.489898 -2.489898
-1.427051 -1.427051
0.224514 0.224514
1.000000 1.000000
0.224514 0.224514
-1.427051 -1.427051
-2.489898 -2.489898
-1.927051 -1.927051
-0.000000 -0.000000
1.927051 1.927051
2.489898 2.489898
1.427051 1.427051
-0.224514 -0.224514
-1.000000 -1.000000
-0.224514 -0.224514
1.427051 1.427051
2.489898 2.489898
1.927051 1.927051
0.000000 0.000000
-1.927051 -1.927051
-2.489898 -2.489898
-1.427051 -1.427051
0.224514 0.224514
1.000000 1.000000
0.224514 0.224514
-1.427051 -1.427051
-2.489898 -2.489898
-1.927051 -1.927051
