-14.403602 2.982803
20.072939 -12.593930
11.840660 -23.603467
16.041822 21.281959
41.997329 14.352917
6.593000 -18.063085
20.107885 -18.813820
-12.716228 0.449346
2.777873 -1.490853
1.483025 5.075219
32.013154 9.436221
14.696901 18.436919
6.378252 -0.406180
17.090888 12.244753
7.868586 13.815227
22.910905 -21.086888
9.183494 14.403316
-0.486333 8.392912
-8.506186 -2.480852
8.367378 13.563821
-11.062746 9.739972
-20.787308 -16.318759
10.020948 10.894524
-2.833100 5.442013
-23.019309 -18.674943
-12.671793 -2.186743
9.009384 -9.412152
-15.696722 2.882653
11.283886 15.324457
11.218939 -24.194459
22.680285 14.238799
21.234037 -11.227830
-2.020963 29.331689
28.187179 -11.644720
-0.579878 -13.426849
7.923937 8.496444
-18.375015 19.630481
10.897212 -5.867088
-8.526658 5.370856
-14.469571 -3.844728
-22.683481 0.196989
-2.196558 -3.420768
-14.515053 35.616061
0.395557 32.032528
11.110968 17.208139
-10.881162 4.019470
-19.654530 -10.079677
12.379647 18.506522
9.211668 -24.934463
-3.063016 -1.936833
-12.323166 -6.528564
8.771569 -12.246136
29.080012 -17.494167
-2.146810 -4.857499
-10.289527 12.080343
-8.269027 14.431601
11.974300 -12.129824
5.007851 -4.549218
-4.755927 6.150547
28.525819 -4.254158
-12.283399 11.337939
-14.307219 0.498636
6.789180 1.857358
-10.360322 -7.158352
3.062958 -9.955895
-13.120028 -8.833986
3.863844 14.798693
24.804326 6.654651
-0.155281 -7.934391
22.787917 0.248873
17.929012 -16.809269
13.364163 7.915213
17.844854 10.308880
-15.672167 -26.799626
8.330388 -12.752945
19.411088 15.571123
-2.851649 13.451145
-10.384216 -11.124200
6.001186 10.657186
-12.327180 19.327523
-25.169438 -6.487069
25.620472 0.732987
-9.713649 -4.764139
26.828319 -6.072693
-8.783746 -3.891759
-21.478076 11.738582
13.960791 5.147659
16.159965 -4.434280
12.189995 13.778160
-5.251380 -17.370476
6.728714 -21.859500
1.920382 7.945694
-6.212261 -22.649627
25.167481 -2.596185
-24.578988 -1.061802
-17.860589 2.574495
18.968836 1.949397
6.244434 5.925760
-0.058813 -18.251017
3.410024 -1.286766
19.140038 -25.340716
16.123141 7.269332
-10.045055 -3.897258
8.087301 -17.590620
-12.322771 21.282684
-4.966467 6.078955
13.128038 -10.494717
12.273198 0.927913
7.611238 12.561573
-8.855503 1.940508
-20.544380 -5.347740
-7.068731 -0.511745
-2.717084 -3.429709
-0.282097 -14.051456
-20.265590 -11.744379
16.844973 30.573536
-4.436201 -30.242822
-9.370338 -7.722787
-14.550843 -5.318409
3.667933 1.075517
0.162148 0.100070
1.520620 -10.343677
-10.560031 -0.563486
9.474120 3.636198
-4.269072 2.961730
4.583136 9.931528
0.684858 5.257251
3.470528 3.117310
6.710416 -3.749887
-4.461211 -5.890422
7.371670 7.419693
10.792759 -10.679673
-7.835399 -9.957932
0.097151 2.719636
12.193581 -6.474497
2.855068 13.987272
-14.453798 -29.252715
-12.925685 -14.134439
-16.306193 -6.669630
3.518332 -19.461031
-31.658420 0.073011
-19.272888 10.906626
-21.006045 -0.472886
3.741228 45.212621
-12.556080 4.179697
2.281516 -12.649982
-9.412056 -3.914733
19.224093 -1.485208
5.977776 -19.917688
5.166046 -22.054867
-3.986195 0.936955
-7.591741 -23.481345
-17.962305 4.267268
3.886123 -18.694856
-3.694582 -5.362058
-0.774780 24.604688
28.840691 -5.823583
-40.785414 2.633525
-1.305655 -9.630974
7.177855 -13.195986
21.514448 1.108464
3.163484 16.818642
-7.091658 21.758680
-12.260468 2.520151
-17.159728 5.695764
-10.632061 -4.567307
36.315756 10.100286
40.315038 0.413630
6.488519 11.409296
-8.171682 7.660360
1.279121 15.248262
21.294297 12.117164
20.598143 -1.232866
3.794242 8.875798
-18.571359 -0.770771
0.097323 -1.768509
21.192340 5.249518
-11.410594 1.521986
23.670850 -2.040484
17.073786 12.904328
-13.335975 -3.357758
-21.339801 5.864518
9.406809 4.853167
-11.277650 13.965398
8.790323 -16.718972
4.178531 2.282492
21.732843 13.162687
-1.235808 -11.476546
16.701880 11.557946
-5.372304 -5.944084
4.440930 18.619370
-21.032223 -3.455828
16.354338 20.221484
6.596375 20.910749
-12.340635 15.088692
-3.081066 -0.031581
19.155717 23.966512
14.897634 6.612548
16.726511 -27.442120
-11.242270 5.642370
